
SUMMARISING RUN PARAMETERS
==========================
Input filename: ../data/2021-11-01-illinois-batch1/00-fastq-110-only/110_TGTTCGCC-TCCTACCT_L00M_R1_001.fastq.gz
Trimming mode: paired-end
Trim Galore version: 0.6.6
Cutadapt version: 1.18
Number of cores used for trimming: 1
Quality Phred score cutoff: 20
Quality encoding type selected: ASCII+33
Using Illumina adapter for trimming (count: 32). Second best hit was Nextera (count: 0)
Adapter sequence: 'AGATCGGAAGAGC' (Illumina TruSeq, Sanger iPCR; auto-detected)
Maximum trimming error rate: 0.1 (default)
Minimum required adapter overlap (stringency): 1 bp
Minimum required sequence length for both reads before a sequence pair gets removed: 20 bp
Running FastQC on the data once trimming has completed


This is cutadapt 1.18 with Python 3.7.10
Command line parameters: -j 1 -e 0.1 -q 20 -O 1 -a AGATCGGAAGAGC ../data/2021-11-01-illinois-batch1/00-fastq-110-only/110_TGTTCGCC-TCCTACCT_L00M_R1_001.fastq.gz
Processing reads on 1 core in single-end mode ...
Finished in 14407.78 s (25 us/read; 2.35 M reads/minute).

=== Summary ===

Total reads processed:             565,428,686
Reads with adapters:                88,417,543 (15.6%)
Reads written (passing filters):   565,428,686 (100.0%)

Total basepairs processed: 84,324,145,793 bp
Quality-trimmed:              95,203,381 bp (0.1%)
Total written (filtered):  84,111,583,623 bp (99.7%)

=== Adapter 1 ===

Sequence: AGATCGGAAGAGC; Type: regular 3'; Length: 13; Trimmed: 88417543 times.

No. of allowed errors:
0-9 bp: 0; 10-13 bp: 1

Bases preceding removed adapters:
  A: 39.7%
  C: 0.1%
  G: 16.4%
  T: 43.8%
  none/other: 0.0%

Overview of removed sequences
length	count	expect	max.err	error counts
1	73157263	141357171.5	0	73157263
2	6812721	35339292.9	0	6812721
3	6087118	8834823.2	0	6087118
4	2241319	2208705.8	0	2241319
5	6600	552176.5	0	6600
6	46437	138044.1	0	46437
7	526	34511.0	0	526
8	179	8627.8	0	179
9	634	2156.9	0	216 418
10	1971	539.2	1	42 1929
11	3041	134.8	1	119 2922
12	778	33.7	1	32 746
13	210	8.4	1	23 187
14	1195	8.4	1	48 1147
15	301	8.4	1	22 279
16	1597	8.4	1	153 1444
17	1665	8.4	1	152 1513
18	632	8.4	1	48 584
19	817	8.4	1	68 749
20	525	8.4	1	38 487
21	576	8.4	1	52 524
22	454	8.4	1	47 407
23	926	8.4	1	130 796
24	1983	8.4	1	355 1628
25	908	8.4	1	141 767
26	872	8.4	1	128 744
27	1497	8.4	1	332 1165
28	2415	8.4	1	492 1923
29	1081	8.4	1	228 853
30	295	8.4	1	51 244
31	752	8.4	1	118 634
32	908	8.4	1	166 742
33	814	8.4	1	137 677
34	1281	8.4	1	244 1037
35	667	8.4	1	120 547
36	496	8.4	1	92 404
37	1131	8.4	1	241 890
38	1579	8.4	1	275 1304
39	802	8.4	1	142 660
40	465	8.4	1	75 390
41	983	8.4	1	195 788
42	2212	8.4	1	436 1776
43	1861	8.4	1	321 1540
44	837	8.4	1	131 706
45	920	8.4	1	184 736
46	452	8.4	1	79 373
47	494	8.4	1	89 405
48	708	8.4	1	155 553
49	633	8.4	1	103 530
50	623	8.4	1	105 518
51	917	8.4	1	177 740
52	499	8.4	1	88 411
53	397	8.4	1	73 324
54	1089	8.4	1	224 865
55	466	8.4	1	101 365
56	357	8.4	1	54 303
57	289	8.4	1	41 248
58	381	8.4	1	71 310
59	594	8.4	1	96 498
60	169	8.4	1	24 145
61	232	8.4	1	40 192
62	352	8.4	1	57 295
63	215	8.4	1	38 177
64	205	8.4	1	30 175
65	453	8.4	1	76 377
66	475	8.4	1	81 394
67	373	8.4	1	61 312
68	587	8.4	1	107 480
69	676	8.4	1	115 561
70	733	8.4	1	124 609
71	303	8.4	1	50 253
72	149	8.4	1	27 122
73	161	8.4	1	21 140
74	276	8.4	1	44 232
75	326	8.4	1	66 260
76	399	8.4	1	76 323
77	399	8.4	1	69 330
78	352	8.4	1	72 280
79	402	8.4	1	77 325
80	414	8.4	1	69 345
81	350	8.4	1	68 282
82	346	8.4	1	52 294
83	348	8.4	1	51 297
84	341	8.4	1	56 285
85	333	8.4	1	57 276
86	300	8.4	1	34 266
87	298	8.4	1	54 244
88	285	8.4	1	46 239
89	310	8.4	1	53 257
90	277	8.4	1	41 236
91	258	8.4	1	47 211
92	247	8.4	1	43 204
93	252	8.4	1	42 210
94	232	8.4	1	39 193
95	190	8.4	1	30 160
96	257	8.4	1	37 220
97	177	8.4	1	30 147
98	165	8.4	1	27 138
99	200	8.4	1	31 169
100	197	8.4	1	25 172
101	187	8.4	1	35 152
102	181	8.4	1	29 152
103	183	8.4	1	30 153
104	161	8.4	1	18 143
105	150	8.4	1	26 124
106	134	8.4	1	18 116
107	136	8.4	1	15 121
108	142	8.4	1	18 124
109	114	8.4	1	14 100
110	115	8.4	1	21 94
111	122	8.4	1	24 98
112	122	8.4	1	14 108
113	99	8.4	1	19 80
114	94	8.4	1	10 84
115	84	8.4	1	11 73
116	106	8.4	1	8 98
117	93	8.4	1	13 80
118	92	8.4	1	14 78
119	98	8.4	1	11 87
120	95	8.4	1	10 85
121	68	8.4	1	9 59
122	82	8.4	1	13 69
123	73	8.4	1	3 70
124	75	8.4	1	5 70
125	82	8.4	1	4 78
126	54	8.4	1	6 48
127	58	8.4	1	3 55
128	70	8.4	1	7 63
129	44	8.4	1	2 42
130	45	8.4	1	2 43
131	60	8.4	1	2 58
132	84	8.4	1	0 84
133	37	8.4	1	0 37
134	56	8.4	1	0 56
135	53	8.4	1	1 52
136	50	8.4	1	1 49
137	60	8.4	1	0 60
138	63	8.4	1	0 63
139	56	8.4	1	1 55
140	55	8.4	1	0 55
141	50	8.4	1	0 50
142	59	8.4	1	0 59
143	74	8.4	1	0 74
144	82	8.4	1	0 82
145	47	8.4	1	0 47
146	67	8.4	1	1 66
147	64	8.4	1	1 63
148	65	8.4	1	0 65
149	66	8.4	1	0 66
150	79	8.4	1	0 79


RUN STATISTICS FOR INPUT FILE: ../data/2021-11-01-illinois-batch1/00-fastq-110-only/110_TGTTCGCC-TCCTACCT_L00M_R1_001.fastq.gz
=============================================
565428686 sequences processed in total

